ID,Ones,Twos,Threes,Fours,Fives,Sixes,Total,Bonus,3 of a Kind,4 of a Kind,Full House,Small Straight,Large Straight,Chance,Yahtzee,Score
0,,,,,,,,,,,,30,,,,271
0,,,,,,18,,,,,,30,,,,271
0,,,,,,18,,,25,,,30,,,,271
0,,,,12,,18,,,25,,,30,,,,271
0,4,,,12,,18,,,25,,,30,,,,271
0,4,,,12,15,18,,,25,,,30,,,,271
0,4,,,12,15,18,,,25,,25,30,,,,271
0,4,,,12,15,18,,,25,29,25,30,,,,271
0,4,,12,12,15,18,,,25,29,25,30,,,,271
0,4,,12,12,15,18,,,25,29,25,30,40,,,271
0,4,4,12,12,15,18,65,35,25,29,25,30,40,,,271
0,4,4,12,12,15,18,65,35,25,29,25,30,40,22,,271
0,4,4,12,12,15,18,65,35,25,29,25,30,40,22,0,271
1,,,,,,,,,,,,,,,,258
1,,,,,,,,,,,,30,,,,258
1,,,,,15,,,,,,,30,,,,258
1,1,,,,15,,,,,,,30,,,,258
1,1,,,,15,,,,,,25,30,,,,258
1,1,,,,15,,,,,,25,30,,,50,258
1,1,,,,15,,,,,,25,30,,25,50,258
1,1,,,,15,,,,,0,25,30,,25,50,258
1,1,,9,,15,,,,,0,25,30,,25,50,258
1,1,,9,,15,,,,26,0,25,30,,25,50,258
1,1,,9,12,15,,,,26,0,25,30,,25,50,258
1,1,6,9,12,15,,,,26,0,25,30,,25,50,258
1,1,6,9,12,15,24,67,35,26,0,25,30,,25,50,258
1,1,6,9,12,15,24,67,35,26,0,25,30,0,25,50,258
1,,,,,,,,,,,,,,,,283
1,,,,,,,,,,,,30,,,,283
1,3,,,,,,,,,,,30,,,,283
1,3,,,,20,,,,,,,30,,,,283
1,3,,,,20,,,,,,,30,40,,,283
1,3,,,12,20,,,,,,,30,40,,,283
1,3,8,,12,20,,,,,,,30,40,,,283
1,3,8,,12,20,,,,,27,,30,40,,,283
1,3,8,12,12,20,,,,,27,,30,40,,,283
1,3,8,12,12,20,18,73,35,,27,,30,40,,,283
1,3,8,12,12,20,18,73,35,27,27,,30,40,,,283
1,3,8,12,12,20,18,73,35,27,27,,30,40,26,,283
1,3,8,12,12,20,18,73,35,27,27,25,30,40,26,,283
1,3,8,12,12,20,18,73,35,27,27,25,30,40,26,0,283
1,,,,,,,,,,,,,,26,,210
1,,,,,,,,,,,25,,,26,,210
1,,,,,15,,,,,,25,,,26,,210
1,,,,12,15,,,,,,25,,,26,,210
1,2,,,12,15,,,,,,25,,,26,,210
1,2,,9,12,15,,,,,,25,,,26,,210
1,2,,9,12,15,,,,,,25,,40,26,,210
1,2,,9,12,15,,,,27,,25,,40,26,,210
1,2,,9,12,15,,,,27,,25,30,40,26,,210
1,2,,9,12,15,,,,27,,25,30,40,26,0,210
1,2,,9,12,15,,,,27,0,25,30,40,26,0,210
1,2,,9,12,15,18,,,27,0,25,30,40,26,0,210
1,2,6,9,12,15,18,62,0,27,0,25,30,40,26,0,210
1,,,,,,,,,,,,,,,,306
1,,,,,,24,,,,,,,,,,306
1,,,,,,24,,,,,,,,,50,306
1,,6,,,,24,,,,,,,,,50,306
1,,6,,,,24,,,,,25,,,,50,306
1,3,6,,,,24,,,,,25,,,,50,306
1,3,6,,,,24,,,,0,25,,,,50,306
1,3,6,,,,24,,,,0,25,,40,,50,306
1,3,6,,16,,24,,,,0,25,,40,,50,306
1,3,6,,16,,24,,,,0,25,30,40,,50,306
1,3,6,,16,,24,,,27,0,25,30,40,,50,306
1,3,6,9,16,,24,,,27,0,25,30,40,,50,306
1,3,6,9,16,15,24,73,35,27,0,25,30,40,,50,306
1,3,6,9,16,15,24,73,35,27,0,25,30,40,26,50,306
1,,,,,,,,,,,,,,,,239
1,4,,,,,,,,,,,,,,,239
1,4,,,,,,,,,,,30,,,,239
1,4,8,,,,,,,,,,30,,,,239
1,4,8,,,,18,,,,,,30,,,,239
1,4,8,,16,,18,,,,,,30,,,,239
1,4,8,9,16,,18,,,,,,30,,,,239
1,4,8,9,16,,18,,,,18,,30,,,,239
1,4,8,9,16,15,18,70,35,,18,,30,,,,239
1,4,8,9,16,15,18,70,35,24,18,,30,,,,239
1,4,8,9,16,15,18,70,35,24,18,,30,40,,,239
1,4,8,9,16,15,18,70,35,24,18,,30,40,,0,239
1,4,8,9,16,15,18,70,35,24,18,,30,40,22,0,239
1,4,8,9,16,15,18,70,35,24,18,0,30,40,22,0,239
1,4,,,,,,,,,,,,,,,323
1,4,,,,,,,,,,25,,,,,323
1,4,,,,,24,,,,,25,,,,,323
1,4,6,,,,24,,,,,25,,,,,323
1,4,6,,,,24,,,,,25,,,,50,323
1,4,6,12,,,24,,,,,25,,,,50,323
1,4,6,12,,,24,,,,,25,30,,,50,323
1,4,6,12,,,24,,,,,25,30,40,,50,323
1,4,6,12,,,24,,,,22,25,30,40,,50,323
1,4,6,12,,20,24,,,,22,25,30,40,,50,323
1,4,6,12,4,20,24,70,35,,22,25,30,40,,50,323
1,4,6,12,4,20,24,70,35,29,22,25,30,40,,50,323
1,4,6,12,4,20,24,70,35,29,22,25,30,40,22,50,323
1,0,,,,,,,,,,,,,,,173
1,0,4,,,,,,,,,,,,,,173
1,0,4,,,,,,,,,,,40,,,173
1,0,4,,,,,,,,,,30,40,,,173
1,0,4,,,,,,,,,,30,40,18,,173
1,0,4,,12,,,,,,,,30,40,18,,173
1,0,4,,12,,,,,,,,30,40,18,0,173
1,0,4,,12,,,,,,,25,30,40,18,0,173
1,0,4,,12,,,,,18,,25,30,40,18,0,173
1,0,4,,12,,,,,18,0,25,30,40,18,0,173
1,0,4,,12,,18,,,18,0,25,30,40,18,0,173
1,0,4,3,12,,18,,,18,0,25,30,40,18,0,173
1,0,4,3,12,5,18,42,0,18,0,25,30,40,18,0,173
2,,,,,,,,,,,,,,,,206
2,,,,,,,,,,,,30,,,,206
2,,,,,,,,,,,25,30,,,,206
2,,,,,,,,,,,25,30,,,50,206
2,1,,,,,,,,,,25,30,,,50,206
2,1,,,,,18,,,,,25,30,,,50,206
2,1,2,,,,18,,,,,25,30,,,50,206
2,1,2,3,,,18,,,,,25,30,,,50,206
2,1,2,3,,,18,,,,,25,30,,26,50,206
2,1,2,3,,,18,,,,0,25,30,,26,50,206
2,1,2,3,,,18,,,,0,25,30,0,26,50,206
2,1,2,3,,10,18,,,,0,25,30,0,26,50,206
2,1,2,3,,10,18,,,25,0,25,30,0,26,50,206
2,1,2,3,16,10,18,50,0,25,0,25,30,0,26,50,206
3,,,,,,,,,,,,30,,,,211
3,,,,,,,,,,,,30,,20,,211
3,0,,,,,,,,,,,30,,20,,211
3,0,,,,,,,,,,,30,,20,50,211
3,0,,,,,,,,,0,,30,,20,50,211
3,0,,,,,,,,27,0,,30,,20,50,211
3,0,8,,,,,,,27,0,,30,,20,50,211
3,0,8,,,,18,,,27,0,,30,,20,50,211
3,0,8,,,,18,,,27,0,25,30,,20,50,211
3,0,8,9,,,18,,,27,0,25,30,,20,50,211
3,0,8,9,4,,18,,,27,0,25,30,,20,50,211
3,0,8,9,4,20,18,59,0,27,0,25,30,,20,50,211
3,0,8,9,4,20,18,59,0,27,0,25,30,0,20,50,211
4,,,,,,,,,,,,,,,,266
4,,,,,20,,,,,,,,,,,266
4,,8,,,20,,,,,,,,,,,266
4,,8,,,20,,,,,,,,40,,,266
4,,8,,,20,,,,,,,30,40,,,266
4,1,8,,,20,,,,,,,30,40,,,266
4,1,8,,,20,,,,,,,30,40,18,,266
4,1,8,,,20,,,,,,25,30,40,18,,266
4,1,8,,,20,18,,,,,25,30,40,18,,266
4,1,8,,,20,18,,,,26,25,30,40,18,,266
4,1,8,,,20,18,,,24,26,25,30,40,18,,266
4,1,8,9,,20,18,,,24,26,25,30,40,18,,266
4,1,8,9,12,20,18,68,35,24,26,25,30,40,18,,266
4,1,8,9,12,20,18,68,35,24,26,25,30,40,18,0,266
4,,,,,,,,,,,,,,,,188
4,,,,,,,,,,,,,,23,,188
4,1,,,,,,,,,,,,,23,,188
4,1,,,,,,,,,,25,,,23,,188
4,1,4,,,,,,,,,25,,,23,,188
4,1,4,,,,,,,,10,25,,,23,,188
4,1,4,,,15,,,,,10,25,,,23,,188
4,1,4,9,,15,,,,,10,25,,,23,,188
4,1,4,9,,15,,,,,10,25,30,,23,,188
4,1,4,9,8,15,,,,,10,25,30,,23,,188
4,1,4,9,8,15,6,43,0,,10,25,30,,23,,188
4,1,4,9,8,15,6,43,0,17,10,25,30,,23,,188
4,1,4,9,8,15,6,43,0,17,10,25,30,40,23,,188
4,1,4,9,8,15,6,43,0,17,10,25,30,40,23,0,188
5,,8,,,,,,,,,,,,,,236
5,1,8,,,,,,,,,,,,,,236
5,1,8,,12,,,,,,,,,,,,236
5,1,8,,12,,24,,,,,,,,,,236
5,1,8,,12,,24,,,,,,30,,,,236
5,1,8,,12,,24,,,,,25,30,,,,236
5,1,8,,12,15,24,,,,,25,30,,,,236
5,1,8,,12,15,24,,,24,,25,30,,,,236
5,1,8,,12,15,24,,,24,,25,30,,24,,236
5,1,8,,12,15,24,,,24,,25,30,,24,0,236
5,1,8,,12,15,24,,,24,29,25,30,,24,0,236
5,1,8,9,12,15,24,69,35,24,29,25,30,,24,0,236
5,1,8,9,12,15,24,69,35,24,29,25,30,0,24,0,236
6,,,,,,,,,,,25,,,,,343
6,,,,,,,,,,,25,,,,50,343
6,,,,,,,,,,,25,,40,,50,343
6,,,,,,,,,,,25,,40,22,50,343
6,,,,,,,,,,,25,30,40,22,50,343
6,,8,,,,,,,,,25,30,40,22,50,343
6,,8,,,,,,,,10,25,30,40,22,150,343
6,,8,,,,18,,,,10,25,30,40,22,150,343
6,,8,9,,,18,,,,10,25,30,40,22,150,343
6,,8,9,12,,18,,,,10,25,30,40,22,150,343
6,1,8,9,12,,18,,,,10,25,30,40,22,150,343
6,1,8,9,12,,18,,,13,10,25,30,40,22,150,343
6,1,8,9,12,5,18,53,0,13,10,25,30,40,22,150,343
7,,,,,,,,,,,,,,,,230
7,,,,,,,,,,,,,40,,,230
7,,,,,,,,,24,,,,40,,,230
7,,,,,,,,,24,,,30,40,,,230
7,,,,,,,,,24,,25,30,40,,,230
7,,,,12,,,,,24,,25,30,40,,,230
7,2,,,12,,,,,24,,25,30,40,,,230
7,2,,9,12,,,,,24,,25,30,40,,,230
7,2,,9,12,,24,,,24,,25,30,40,,,230
7,2,,9,12,,24,,,24,25,25,30,40,,,230
7,2,,9,12,,24,,,24,25,25,30,40,27,,230
7,2,2,9,12,,24,,,24,25,25,30,40,27,,230
7,2,2,9,12,10,24,59,0,24,25,25,30,40,27,,230
7,2,2,9,12,10,24,59,0,24,25,25,30,40,27,0,230
8,,,,,15,,,,,,,,,,,329
8,,,,,15,18,,,,,,,,,,329
8,,,,,15,18,,,,,,,,,50,329
8,,,,,15,18,,,,,,30,,,50,329
8,3,,,,15,18,,,,,,30,,,50,329
8,3,,,,15,18,,,,,,30,,17,50,329
8,3,,,,15,18,,,,,,30,40,17,150,329
8,3,,,,15,18,,,,0,,30,40,17,150,329
8,3,,,8,15,18,,,,0,,30,40,17,150,329
8,3,,,8,15,18,,,11,0,,30,40,17,150,329
8,3,6,,8,15,18,,,11,0,,30,40,17,150,329
8,3,6,6,8,15,18,56,0,11,0,,30,40,17,150,329
8,3,6,6,8,15,18,56,0,11,0,25,30,40,17,150,329
9,,,,,,,,,,,,,,,,249
9,,,,,20,,,,,,,,,,,249
9,,,,,20,18,,,,,,,,,,249
9,2,,,,20,18,,,,,,,,,,249
9,2,,,,20,18,,,,,25,,,,,249
9,2,,,,20,18,,,,,25,30,,,,249
9,2,,,12,20,18,,,,,25,30,,,,249
9,2,8,,12,20,18,,,,,25,30,,,,249
9,2,8,12,12,20,18,72,35,,,25,30,,,,249
9,2,8,12,12,20,18,72,35,,,25,30,,24,,249
9,2,8,12,12,20,18,72,35,,,25,30,40,24,,249
9,2,8,12,12,20,18,72,35,23,,25,30,40,24,,249
9,2,8,12,12,20,18,72,35,23,0,25,30,40,24,,249
9,2,8,12,12,20,18,72,35,23,0,25,30,40,24,0,249
10,,,,,,,,,,,,,,,,208
10,,,,,,,,,,,,30,,,,208
10,0,,,,,,,,,,,30,,,,208
10,0,,,,,,,,,,25,30,,,,208
10,0,,,,,18,,,,,25,30,,,,208
10,0,,,,,18,,,,,25,30,,,0,208
10,0,,,,,18,,,,,25,30,40,,0,208
10,0,,,,15,18,,,,,25,30,40,,0,208
10,0,,,,15,18,,,,22,25,30,40,,0,208
10,0,,,,15,18,,,19,22,25,30,40,,0,208
10,0,6,,,15,18,,,19,22,25,30,40,,0,208
10,0,6,12,,15,18,,,19,22,25,30,40,,0,208
10,0,6,12,,15,18,,,19,22,25,30,40,17,0,208
10,0,6,12,4,15,18,55,0,19,22,25,30,40,17,0,208
9,,,,,,,,,,,,,,,,304
9,,,,,,24,,,,,,,,,,304
9,,6,,,,24,,,,,,,,,,304
9,,6,,,,24,,,,26,,,,,,304
9,,6,,,,24,,,,26,,,40,,,304
9,0,6,,,,24,,,,26,,,40,,,304
9,0,6,,,20,24,,,,26,,,40,,,304
9,0,6,,,20,24,,,24,26,,,40,,,304
9,0,6,,,20,24,,,24,26,,,40,,50,304
9,0,6,,,20,24,,,24,26,,30,40,,50,304
9,0,6,,,20,24,,,24,26,25,30,40,,50,304
9,0,6,6,,20,24,,,24,26,25,30,40,,50,304
9,0,6,6,,20,24,,,24,26,25,30,40,6,50,304
9,0,6,6,12,20,24,68,35,24,26,25,30,40,6,50,304
10,,,,,,,,,,,,,,,,257
10,,6,,,,,,,,,,,,,,257
10,1,6,,,,,,,,,,,,,,257
10,1,6,,,,24,,,,,,,,,,257
10,1,6,,,15,24,,,,,,,,,,257
10,1,6,12,,15,24,,,,,,,,,,257
10,1,6,12,,15,24,,,,,,,,21,,257
10,1,6,12,,15,24,,,,,,30,,21,,257
10,1,6,12,,15,24,,,,,,30,,21,0,257
10,1,6,12,,15,24,,,,,25,30,,21,0,257
10,1,6,12,,15,24,,,,,25,30,40,21,0,257
10,1,6,12,,15,24,,,,10,25,30,40,21,0,257
10,1,6,12,12,15,24,70,35,,10,25,30,40,21,0,257
10,1,6,12,12,15,24,70,35,26,10,25,30,40,21,0,257
11,,,,,,,,,,,,,,,,391
11,,,,,,,,,,,25,,,,,391
11,,6,,,,,,,,,25,,,,,391
11,,6,9,,,,,,,,25,,,,,391
11,,6,9,,,,,,,,25,,,,50,391
11,,6,9,,,,,,,,25,,40,,50,391
11,,6,9,,,,,,,,25,30,40,,50,391
11,,6,9,20,,,,,,,25,30,40,,150,391
11,,6,9,20,15,,,,,,25,30,40,,150,391
11,,6,9,20,15,,,,,,25,30,40,19,150,391
11,1,6,9,20,15,,,,,,25,30,40,19,150,391
11,1,6,9,20,15,18,69,35,,,25,30,40,19,150,391
11,1,6,9,20,15,18,69,35,23,,25,30,40,19,150,391
11,1,6,9,20,15,18,69,35,23,0,25,30,40,19,150,391
12,,,,,,,,,,,,,,,,246
12,,,9,,,,,,,,,,,,,246
12,,,9,,,,,,,,,30,,,,246
12,,,9,,,18,,,,,,30,,,,246
12,,,9,,,18,,,,,,30,,11,,246
12,1,,9,,,18,,,,,,30,,11,,246
12,1,,9,,,18,,,,,,30,,11,0,246
12,1,,9,,,18,,,,13,,30,,11,0,246
12,1,6,9,,,18,,,,13,,30,,11,0,246
12,1,6,9,,,18,,,,13,25,30,,11,0,246
12,1,6,9,16,,18,,,,13,25,30,,11,0,246
12,1,6,9,16,20,18,70,35,,13,25,30,,11,0,246
12,1,6,9,16,20,18,70,35,,13,25,30,40,11,0,246
12,1,6,9,16,20,18,70,35,22,13,25,30,40,11,0,246
13,,4,,,,,,,,,,,,,,242
13,,4,9,,,,,,,,,,,,,242
13,,4,9,,,,,,,,,,,22,,242
13,,4,9,,,,,,,,,,40,22,,242
13,,4,9,,,,,,,,,30,40,22,,242
13,,4,9,16,,,,,,,,30,40,22,,242
13,,4,9,16,,,,,,,,30,40,22,0,242
13,,4,9,16,,18,,,,,,30,40,22,0,242
13,,4,9,16,,18,,,,0,,30,40,22,0,242
13,,4,9,16,20,18,,,,0,,30,40,22,0,242
13,,4,9,16,20,18,,,,0,25,30,40,22,0,242
13,4,4,9,16,20,18,71,35,,0,25,30,40,22,0,242
13,4,4,9,16,20,18,71,35,19,0,25,30,40,22,0,242
14,1,,,,,,,,,,,,,,,201
14,1,,,,,,,,,,,,,15,,201
14,1,2,,,,,,,,,,,,15,,201
14,1,2,,,,24,,,,,,,,15,,201
14,1,2,3,,,24,,,,,,,,15,,201
14,1,2,3,,,24,,,,25,,,,15,,201
14,1,2,3,,,24,,,20,25,,,,15,,201
14,1,2,3,16,,24,,,20,25,,,,15,,201
14,1,2,3,16,,24,,,20,25,,,40,15,,201
14,1,2,3,16,,24,,,20,25,25,,40,15,,201
14,1,2,3,16,0,24,46,0,20,25,25,,40,15,,201
14,1,2,3,16,0,24,46,0,20,25,25,30,40,15,,201
14,1,2,3,16,0,24,46,0,20,25,25,30,40,15,0,201
13,,,,12,,,,,,,,,,,,180
13,,,,12,,,,,27,,,,,,,180
13,,,,12,,,,,27,,,,40,,,180
13,3,,,12,,,,,27,,,,40,,,180
13,3,,,12,,,,,27,22,,,40,,,180
13,3,,,12,,,,,27,22,,30,40,,,180
13,3,,,12,,18,,,27,22,,30,40,,,180
13,3,,,12,,18,,,27,22,,30,40,18,,180
13,3,,6,12,,18,,,27,22,,30,40,18,,180
13,3,,6,12,,18,,,27,22,0,30,40,18,,180
13,3,4,6,12,,18,,,27,22,0,30,40,18,,180
13,3,4,6,12,,18,,,27,22,0,30,40,18,0,180
13,3,4,6,12,0,18,43,0,27,22,0,30,40,18,0,180
13,,,12,,,,,,,,,,,,,193
13,,,12,,,,,,,,,30,,,,193
13,,,12,,,,,,,,25,30,,,,193
13,,,12,,,18,,,,,25,30,,,,193
13,,6,12,,,18,,,,,25,30,,,,193
13,,6,12,,,18,,,,25,25,30,,,,193
13,2,6,12,,,18,,,,25,25,30,,,,193
13,2,6,12,,,18,,,,25,25,30,,24,,193
13,2,6,12,,,18,,,,25,25,30,,24,0,193
13,2,6,12,4,,18,,,,25,25,30,,24,0,193
13,2,6,12,4,,18,,,,25,25,30,0,24,0,193
13,2,6,12,4,,18,,,27,25,25,30,0,24,0,193
13,2,6,12,4,20,18,62,0,27,25,25,30,0,24,0,193
14,,,,,,,,,,,25,,,,,451
14,,,,,,,,,,,25,,40,,,451
14,,,,,,,,,,,25,,40,,50,451
14,,,,,,,,,22,,25,,40,,50,451
14,,,,,15,,,,22,,25,,40,,50,451
14,2,,,,15,,,,22,,25,,40,,50,451
14,2,10,,,15,,,,22,,25,,40,,150,451
14,2,10,,,15,,,,22,,25,30,40,,250,451
14,2,10,,,15,,,,22,,25,30,40,18,250,451
14,2,10,,,15,18,,,22,,25,30,40,18,250,451
14,2,10,,8,15,18,,,22,,25,30,40,18,250,451
14,2,10,6,8,15,18,59,0,22,,25,30,40,18,250,451
14,2,10,6,8,15,18,59,0,22,7,25,30,40,18,250,451
15,,,,,,,,,,,25,,,,,185
15,,,,,,,,,,,25,,,26,,185
15,,,,16,,,,,,,25,,,26,,185
15,,,12,16,,,,,,,25,,,26,,185
15,1,,12,16,,,,,,,25,,,26,,185
15,1,,12,16,,,,,27,,25,,,26,,185
15,1,,12,16,,,,,27,,25,,,26,0,185
15,1,,12,16,,,,,27,,25,30,,26,0,185
15,1,,12,16,,,,,27,16,25,30,,26,0,185
15,1,,12,16,20,,,,27,16,25,30,,26,0,185
15,1,,12,16,20,12,,,27,16,25,30,,26,0,185
15,1,0,12,16,20,12,61,0,27,16,25,30,,26,0,185
15,1,0,12,16,20,12,61,0,27,16,25,30,0,26,0,185
16,,,,,20,,,,,,,,,,,247
16,,,,,20,,,,,,25,,,,,247
16,,,,,20,,,,,,25,,40,,,247
16,,,,,20,,,,,,25,30,40,,,247
16,,,,12,20,,,,,,25,30,40,,,247
16,,,,12,20,,,,,,25,30,40,20,,247
16,,,,12,20,24,,,,,25,30,40,20,,247
16,,,,12,20,24,,,20,,25,30,40,20,,247
16,0,,,12,20,24,,,20,,25,30,40,20,,247
16,0,6,,12,20,24,,,20,,25,30,40,20,,247
16,0,6,,12,20,24,,,20,,25,30,40,20,0,247
16,0,6,15,12,20,24,77,35,20,,25,30,40,20,0,247
16,0,6,15,12,20,24,77,35,20,0,25,30,40,20,0,247
17,,,,,,18,,,,,,,,,,172
17,,,,,,18,,,,,,30,,,,172
17,,,,,,18,,,,,,30,,23,,172
17,,,,,15,18,,,,,,30,,23,,172
17,2,,,,15,18,,,,,,30,,23,,172
17,2,4,,,15,18,,,,,,30,,23,,172
17,2,4,,,15,18,,,,,,30,,23,0,172
17,2,4,,,15,18,,,,,0,30,,23,0,172
17,2,4,,,15,18,,,19,,0,30,,23,0,172
17,2,4,,12,15,18,,,19,,0,30,,23,0,172
17,2,4,,12,15,18,,,19,,0,30,40,23,0,172
17,2,4,,12,15,18,,,19,0,0,30,40,23,0,172
17,2,4,9,12,15,18,60,0,19,0,0,30,40,23,0,172
18,,6,,,,,,,,,,,,,,277
18,,6,,,,,,,,,,30,,,,277
18,,6,,,,,,,,,,30,,19,,277
18,,6,,,,,,,,,25,30,,19,,277
18,,6,9,,,,,,,,25,30,,19,,277
18,,6,9,,15,,,,,,25,30,,19,,277
18,,6,9,,15,,,,27,,25,30,,19,,277
18,,6,9,,15,,,,27,,25,30,,19,50,277
18,,6,9,12,15,,,,27,,25,30,,19,50,277
18,,6,9,12,15,,,,27,,25,30,0,19,50,277
18,,6,9,12,15,24,,,27,,25,30,0,19,50,277
18,,6,9,12,15,24,,,27,22,25,30,0,19,50,277
18,3,6,9,12,15,24,69,35,27,22,25,30,0,19,50,277
19,,,,,20,,,,,,,,,,,260
19,,8,,,20,,,,,,,,,,,260
19,1,8,,,20,,,,,,,,,,,260
19,1,8,,,20,24,,,,,,,,,,260
19,1,8,,,20,24,,,,,25,,,,,260
19,1,8,,12,20,24,,,,,25,,,,,260
19,1,8,,12,20,24,,,24,,25,,,,,260
19,1,8,,12,20,24,,,24,9,25,,,,,260
19,1,8,,12,20,24,,,24,9,25,,,23,,260
19,1,8,9,12,20,24,74,35,24,9,25,,,23,,260
19,1,8,9,12,20,24,74,35,24,9,25,,40,23,,260
19,1,8,9,12,20,24,74,35,24,9,25,,40,23,0,260
19,1,8,9,12,20,24,74,35,24,9,25,30,40,23,0,260
19,1,,,,,,,,,,,,,,,237
19,1,,,,,,,,,,,,,,50,237
19,1,,,,,,,,,,,30,,,50,237
19,1,,,,,,,,,,25,30,,,50,237
19,1,,,,,,,,,,25,30,,20,50,237
19,1,,,12,,,,,,,25,30,,20,50,237
19,1,,,12,15,,,,,,25,30,,20,50,237
19,1,,,12,15,,,,,0,25,30,,20,50,237
19,1,,,12,15,,,,,0,25,30,40,20,50,237
19,1,6,,12,15,,,,,0,25,30,40,20,50,237
19,1,6,,12,15,18,,,,0,25,30,40,20,50,237
19,1,6,0,12,15,18,52,0,,0,25,30,40,20,50,237
19,1,6,0,12,15,18,52,0,20,0,25,30,40,20,50,237
20,,,,,,,,,,,,,,18,,256
20,,,,,,,,,,,,,40,18,,256
20,,6,,,,,,,,,,,40,18,,256
20,,6,,,,,,,24,,,,40,18,,256
20,,6,,,15,,,,24,,,,40,18,,256
20,,6,,,15,30,,,24,,,,40,18,,256
20,,6,,,15,30,,,24,,,30,40,18,,256
20,,6,,12,15,30,,,24,,,30,40,18,,256
20,,6,9,12,15,30,,,24,,,30,40,18,,256
20,,6,9,12,15,30,,,24,9,,30,40,18,,256
20,3,6,9,12,15,30,75,35,24,9,,30,40,18,,256
20,3,6,9,12,15,30,75,35,24,9,25,30,40,18,,256
20,3,6,9,12,15,30,75,35,24,9,25,30,40,18,0,256
20,,,,,,,,,,,25,,,,,220
20,,,,,,,,,,,25,30,,,,220
20,,,9,,,,,,,,25,30,,,,220
20,,,9,16,,,,,,,25,30,,,,220
20,,,9,16,,,,,19,,25,30,,,,220
20,,4,9,16,,,,,19,,25,30,,,,220
20,3,4,9,16,,,,,19,,25,30,,,,220
20,3,4,9,16,15,,,,19,,25,30,,,,220
20,3,4,9,16,15,,,,19,18,25,30,,,,220
20,3,4,9,16,15,24,71,35,19,18,25,30,,,,220
20,3,4,9,16,15,24,71,35,19,18,25,30,,,0,220
20,3,4,9,16,15,24,71,35,19,18,25,30,,22,0,220
20,3,4,9,16,15,24,71,35,19,18,25,30,0,22,0,220
21,,,,,,,,,,,,,,,,273
21,,,,,,,,,,,,,40,,,273
21,,,,,,,,,,,,30,40,,,273
21,,,,,,18,,,,,,30,40,,,273
21,2,,,,,18,,,,,,30,40,,,273
21,2,,,16,,18,,,,,,30,40,,,273
21,2,,,16,,18,,,,,,30,40,26,,273
21,2,,,16,,18,,,,26,,30,40,26,,273
21,2,,,16,20,18,,,,26,,30,40,26,,273
21,2,,6,16,20,18,,,,26,,30,40,26,,273
21,2,,6,16,20,18,,,21,26,,30,40,26,,273
21,2,,6,16,20,18,,,21,26,25,30,40,26,,273
21,2,8,6,16,20,18,70,35,21,26,25,30,40,26,,273
21,2,8,6,16,20,18,70,35,21,26,25,30,40,26,0,273
19,3,,,,,,,,,,,,,,,174
19,3,,,,,18,,,,,,,,,,174
19,3,,,,,18,,,,,,30,,,,174
19,3,,,,,18,,,,,,30,,22,,174
19,3,,,,,18,,,,,,30,,22,0,174
19,3,,15,,,18,,,,,,30,,22,0,174
19,3,4,15,,,18,,,,,,30,,22,0,174
19,3,4,15,,,18,,,24,,,30,,22,0,174
19,3,4,15,8,,18,,,24,,,30,,22,0,174
19,3,4,15,8,,18,,,24,0,,30,,22,0,174
19,3,4,15,8,,18,,,24,0,,30,0,22,0,174
19,3,4,15,8,15,18,63,35,24,0,,30,0,22,0,174
19,3,4,15,8,15,18,63,35,24,0,0,30,0,22,0,174
22,,,,,,,,,,,,,40,,,274
22,,,,,,18,,,,,,,40,,,274
22,,,9,,,18,,,,,,,40,,,274
22,,,9,,,18,,,,,25,,40,,,274
22,,,9,,,18,,,,,25,30,40,,,274
22,,,9,,15,18,,,,,25,30,40,,,274
22,2,,9,,15,18,,,,,25,30,40,,,274
22,2,,9,,15,18,,,,,25,30,40,,50,274
22,2,,9,,15,18,,,,27,25,30,40,,50,274
22,2,,9,,15,18,,,,27,25,30,40,19,50,274
22,2,4,9,,15,18,,,,27,25,30,40,19,50,274
22,2,4,9,8,15,18,56,0,,27,25,30,40,19,50,274
22,2,4,9,8,15,18,56,0,27,27,25,30,40,19,50,274
19,,,,,,24,,,,,,,,,,292
19,,,,,,24,,,25,,,,,,,292
19,,,,,,24,,,25,,,,,,50,292
19,1,,,,,24,,,25,,,,,,50,292
19,1,,,,20,24,,,25,,,,,,50,292
19,1,,,12,20,24,,,25,,,,,,50,292
19,1,,,12,20,24,,,25,,,,40,,50,292
19,1,,,12,20,24,,,25,,25,,40,,50,292
19,1,,,12,20,24,,,25,,25,30,40,,50,292
19,1,,6,12,20,24,,,25,,25,30,40,,50,292
19,1,,6,12,20,24,,,25,,25,30,40,22,50,292
19,1,2,6,12,20,24,65,35,25,,25,30,40,22,50,292
19,1,2,6,12,20,24,65,35,25,0,25,30,40,22,50,292
23,,,,,,,,,,,,,,,,296
23,,,,,,,,,,,25,,,,,296
23,,,,,,,,,,,25,,,,50,296
23,,,,,15,,,,,,25,,,,50,296
23,4,,,,15,,,,,,25,,,,50,296
23,4,,,,15,24,,,,,25,,,,50,296
23,4,,,,15,24,,,,,25,30,,,50,296
23,4,,,,15,24,,,25,,25,30,,,50,296
23,4,,9,,15,24,,,25,,25,30,,,50,296
23,4,,9,8,15,24,,,25,,25,30,,,50,296
23,4,6,9,8,15,24,66,35,25,,25,30,,,50,296
23,4,6,9,8,15,24,66,35,25,,25,30,40,,50,296
23,4,6,9,8,15,24,66,35,25,0,25,30,40,,50,296
23,4,6,9,8,15,24,66,35,25,0,25,30,40,25,50,296
19,3,,,,,,,,,,,,,,,292
19,3,,,,,,,,,,,,,18,,292
19,3,,,,,18,,,,,,,,18,,292
19,3,,,,20,18,,,,,,,,18,,292
19,3,,,,20,18,,,,,,,,18,50,292
19,3,,,8,20,18,,,,,,,,18,50,292
19,3,,,8,20,18,,,,,25,,,18,50,292
19,3,,,8,20,18,,,,0,25,,,18,50,292
19,3,8,,8,20,18,,,,0,25,,,18,50,292
19,3,8,,8,20,18,,,,0,25,30,,18,50,292
19,3,8,9,8,20,18,66,35,,0,25,30,,18,50,292
19,3,8,9,8,20,18,66,35,28,0,25,30,,18,50,292
19,3,8,9,8,20,18,66,35,28,0,25,30,40,18,50,292
24,,,,,,,,,,,25,,,,,388
24,,,,,15,,,,,,25,,,,,388
24,,,,,15,,,,,,25,30,,,,388
24,,,,12,15,,,,,,25,30,,,,388
24,2,,,12,15,,,,,,25,30,,,,388
24,2,,,12,15,,,,,,25,30,,,50,388
24,2,8,,12,15,,,,,,25,30,,,50,388
24,2,8,,12,15,,,,19,,25,30,,,50,388
24,2,8,,12,15,18,,,19,,25,30,,,50,388
24,2,8,15,12,15,18,70,35,19,,25,30,,,150,388
24,2,8,15,12,15,18,70,35,19,,25,30,,19,150,388
24,2,8,15,12,15,18,70,35,19,,25,30,40,19,150,388
24,2,8,15,12,15,18,70,35,19,0,25,30,40,19,150,388
25,2,,,,,,,,,,,,,,,299
25,2,,,,,,,,,,25,,,,,299
25,2,,,,,,,,25,,25,,,,,299
25,2,,,,,,,,25,,25,,,23,,299
25,2,,,,,18,,,25,,25,,,23,,299
25,2,6,,,,18,,,25,,25,,,23,,299
25,2,6,,,,18,,,25,0,25,,,23,,299
25,2,6,,,20,18,,,25,0,25,,,23,,299
25,2,6,,,20,18,,,25,0,25,,40,23,,299
25,2,6,9,,20,18,,,25,0,25,,40,23,,299
25,2,6,9,,20,18,,,25,0,25,30,40,23,,299
25,2,6,9,16,20,18,71,35,25,0,25,30,40,23,,299
25,2,6,9,16,20,18,71,35,25,0,25,30,40,23,50,299
25,,,,,,,,,,,,,,,,244
25,,,,,,,,,,,25,,,,,244
25,,,,,,24,,,,,25,,,,,244
25,,,,,,24,,,,,25,,,,50,244
25,,,,,,24,,,,,25,,,18,50,244
25,4,,,,,24,,,,,25,,,18,50,244
25,4,,,12,,24,,,,,25,,,18,50,244
25,4,,,12,,24,,,,29,25,,,18,50,244
25,4,,,12,,24,,,24,29,25,,,18,50,244
25,4,,9,12,,24,,,24,29,25,,,18,50,244
25,4,4,9,12,,24,,,24,29,25,,,18,50,244
25,4,4,9,12,10,24,63,35,24,29,25,,,18,50,244
25,4,4,9,12,10,24,63,35,24,29,25,,0,18,50,244
25,4,4,9,12,10,24,63,35,24,29,25,0,0,18,50,244
26,,,,,,,,,,,,30,,,,192
26,,,9,,,,,,,,,30,,,,192
26,1,,9,,,,,,,,,30,,,,192
26,1,,9,,,,,,,,,30,40,,,192
26,1,,9,12,,,,,,,,30,40,,,192
26,1,,9,12,,18,,,,,,30,40,,,192
26,1,,9,12,,18,,,,16,,30,40,,,192
26,1,,9,12,,18,,,6,16,,30,40,,,192
26,1,,9,12,,18,,,6,16,,30,40,18,,192
26,1,,9,12,15,18,,,6,16,,30,40,18,,192
26,1,,9,12,15,18,,,6,16,25,30,40,18,,192
26,1,,9,12,15,18,,,6,16,25,30,40,18,0,192
26,1,2,9,12,15,18,57,0,6,16,25,30,40,18,0,192
27,,,,,,,,,,,,,,,,254
27,,,,,15,,,,,,,,,,,254
27,,,,,15,,,,,,,,,,0,254
27,,,,,15,,,,22,,,,,,0,254
27,,,,,15,,,,22,,,,40,,0,254
27,,,,,15,,,,22,,,30,40,,0,254
27,,8,,,15,,,,22,,,30,40,,0,254
27,,8,12,,15,,,,22,,,30,40,,0,254
27,1,8,12,,15,,,,22,,,30,40,,0,254
27,1,8,12,,15,30,,,22,,,30,40,,0,254
27,1,8,12,8,15,30,74,35,22,,,30,40,,0,254
27,1,8,12,8,15,30,74,35,22,14,,30,40,,0,254
27,1,8,12,8,15,30,74,35,22,14,,30,40,14,0,254
27,1,8,12,8,15,30,74,35,22,14,25,30,40,14,0,254
28,,,,,,,,,,,25,,,,,217
28,,,,,,,,,,,25,,40,,,217
28,0,,,,,,,,,,25,,40,,,217
28,0,,,,,,,,24,,25,,40,,,217
28,0,,,,20,,,,24,,25,,40,,,217
28,0,,,,20,,,,24,,25,30,40,,,217
28,0,,,12,20,,,,24,,25,30,40,,,217
28,0,,,12,20,18,,,24,,25,30,40,,,217
28,0,,,12,20,18,,,24,,25,30,40,20,,217
28,0,,6,12,20,18,,,24,,25,30,40,20,,217
28,0,,6,12,20,18,,,24,18,25,30,40,20,,217
28,0,,6,12,20,18,,,24,18,25,30,40,20,0,217
28,0,4,6,12,20,18,60,0,24,18,25,30,40,20,0,217
29,,,,,,,,,,,,,,,,148
29,1,,,,,,,,,,,,,,,148
29,1,,,,,,,,,,,,,23,,148
29,1,,,,,,,,,,25,,,23,,148
29,1,,,,,,,,,,25,30,,23,,148
29,1,,,,15,,,,,,25,30,,23,,148
29,1,4,,,15,,,,,,25,30,,23,,148
29,1,4,,,15,18,,,,,25,30,,23,,148
29,1,4,3,,15,18,,,,,25,30,,23,,148
29,1,4,3,4,15,18,45,0,,,25,30,,23,,148
29,1,4,3,4,15,18,45,0,,,25,30,0,23,,148
29,1,4,3,4,15,18,45,0,25,,25,30,0,23,,148
29,1,4,3,4,15,18,45,0,25,0,25,30,0,23,,148
29,1,4,3,4,15,18,45,0,25,0,25,30,0,23,0,148
30,,,,,,,,,,,,,,,,240
30,,,12,,,,,,,,,,,,,240
30,3,,12,,,,,,,,,,,,,240
30,3,,12,,,,,,,,25,,,,,240
30,3,,12,,,,,,28,,25,,,,,240
30,3,8,12,,,,,,28,,25,,,,,240
30,3,8,12,,,,,,28,,25,,,15,,240
30,3,8,12,,,,,,28,,25,30,,15,,240
30,3,8,12,,,,,,28,0,25,30,,15,,240
30,3,8,12,,,,,,28,0,25,30,,15,0,240
30,3,8,12,,,,,,28,0,25,30,40,15,0,240
30,3,8,12,16,,,,,28,0,25,30,40,15,0,240
30,3,8,12,16,10,,,,28,0,25,30,40,15,0,240
30,3,8,12,16,10,18,67,35,28,0,25,30,40,15,0,240
31,,,,,,,,,,,25,,,,,267
31,,,,,,,,,,,25,,40,,,267
31,,6,,,,,,,,,25,,40,,,267
31,,6,9,,,,,,,,25,,40,,,267
31,,6,9,,,,,,,,25,30,40,,,267
31,2,6,9,,,,,,,,25,30,40,,,267
31,2,6,9,,,24,,,,,25,30,40,,,267
31,2,6,9,,,24,,,21,,25,30,40,,,267
31,2,6,9,,,24,,,21,28,25,30,40,,,267
31,2,6,9,,,24,,,21,28,25,30,40,21,,267
31,2,6,9,,,24,,,21,28,25,30,40,21,0,267
31,2,6,9,,10,24,,,21,28,25,30,40,21,0,267
31,2,6,9,16,10,24,67,35,21,28,25,30,40,21,0,267
32,,,,,,,,,,,25,,,,,291
32,,,,,,,,,,,25,,,,50,291
32,,,,,20,,,,,,25,,,,50,291
32,,,12,,20,,,,,,25,,,,50,291
32,,,12,,20,18,,,,,25,,,,50,291
32,,,12,,20,18,,,19,,25,,,,50,291
32,,,12,,20,18,,,19,,25,,,24,50,291
32,0,,12,,20,18,,,19,,25,,,24,50,291
32,0,2,12,,20,18,,,19,,25,,,24,50,291
32,0,2,12,16,20,18,68,35,19,,25,,,24,50,291
32,0,2,12,16,20,18,68,35,19,,25,30,,24,50,291
32,0,2,12,16,20,18,68,35,19,,25,30,40,24,50,291
32,0,2,12,16,20,18,68,35,19,0,25,30,40,24,50,291
31,,,,,,,,,28,,,,,,,278
31,,,,,,,,,28,,,30,,,,278
31,,,,,,,,,28,,25,30,,,,278
31,,,,,,,,,28,,25,30,,21,,278
31,,,12,,,,,,28,,25,30,,21,,278
31,,,12,,,,,,28,,25,30,,21,50,278
31,,,12,,,,,,28,22,25,30,,21,50,278
31,1,,12,,,,,,28,22,25,30,,21,50,278
31,1,,12,,15,,,,28,22,25,30,,21,50,278
31,1,8,12,,15,,,,28,22,25,30,,21,50,278
31,1,8,12,8,15,,,,28,22,25,30,,21,50,278
31,1,8,12,8,15,18,62,0,28,22,25,30,,21,50,278
31,1,8,12,8,15,18,62,0,28,22,25,30,40,21,50,278
31,,,,,,,,,24,,,,,,,271
31,,,,,,,,,24,28,,,,,,271
31,,,,16,,,,,24,28,,,,,,271
31,,,,16,,,,,24,28,25,,,,,271
31,,8,,16,,,,,24,28,25,,,,,271
31,,8,,16,,18,,,24,28,25,,,,,271
31,3,8,,16,,18,,,24,28,25,,,,,271
31,3,8,,16,,18,,,24,28,25,30,,,,271
31,3,8,,16,,18,,,24,28,25,30,40,,,271
31,3,8,9,16,,18,,,24,28,25,30,40,,,271
31,3,8,9,16,,18,,,24,28,25,30,40,25,,271
31,3,8,9,16,,18,,,24,28,25,30,40,25,0,271
31,3,8,9,16,10,18,64,35,24,28,25,30,40,25,0,271
33,,,,,,,,,,,,,,,,367
33,,,,,,,,,,,25,,,,,367
33,,,,,,,,,,,25,30,,,,367
33,2,,,,,,,,,,25,30,,,,367
33,2,,,,,,,,,,25,30,,,50,367
33,2,,,,,,,,,,25,30,,25,50,367
33,2,,,16,,,,,,,25,30,,25,50,367
33,2,,,16,,,,,,17,25,30,,25,50,367
33,2,,12,16,,,,,,17,25,30,,25,50,367
33,2,2,12,16,,,,,,17,25,30,,25,50,367
33,2,2,12,16,,,,,16,17,25,30,,25,50,367
33,2,2,12,16,25,,,,16,17,25,30,,25,150,367
33,2,2,12,16,25,,,,16,17,25,30,0,25,150,367
33,2,2,12,16,25,12,69,35,16,17,25,30,0,25,150,367
31,,,,,,,,,,,,,,20,,174
31,,,,,,,,,,,25,,,20,,174
31,,,,12,,,,,,,25,,,20,,174
31,3,,,12,,,,,,,25,,,20,,174
31,3,6,,12,,,,,,,25,,,20,,174
31,3,6,,12,,,,,15,,25,,,20,,174
31,3,6,,12,,,,,15,26,25,,,20,,174
31,3,6,9,12,,,,,15,26,25,,,20,,174
31,3,6,9,12,,,,,15,26,25,,,20,0,174
31,3,6,9,12,,,,,15,26,25,30,,20,0,174
31,3,6,9,12,,18,,,15,26,25,30,,20,0,174
31,3,6,9,12,,18,,,15,26,25,30,0,20,0,174
31,3,6,9,12,10,18,58,0,15,26,25,30,0,20,0,174
34,,,,,,,,,27,,,,,,,350
34,,,,,,,,,27,,,,,20,,350
34,,,,,,,,,27,,25,,,20,,350
34,1,,,,,,,,27,,25,,,20,,350
34,1,2,,,,,,,27,,25,,,20,,350
34,1,2,,,10,,,,27,,25,,,20,,350
34,1,2,,,10,,,,27,,25,30,,20,,350
34,1,2,,,10,,,,27,,25,30,,20,50,350
34,1,2,,,10,30,,,27,,25,30,,20,150,350
34,1,2,,,10,30,,,27,0,25,30,,20,150,350
34,1,2,,12,10,30,,,27,0,25,30,,20,150,350
34,1,2,3,12,10,30,58,0,27,0,25,30,,20,150,350
34,1,2,3,12,10,30,58,0,27,0,25,30,40,20,150,350
35,,,,,,,,,,,,,,,,191
35,,,,,15,,,,,,,,,,,191
35,,,,,15,,,,,,,,40,,,191
35,,,,,15,,,,25,,,,40,,,191
35,,,,,15,,,,25,,25,,40,,,191
35,,,,,15,,,,25,,25,,40,20,,191
35,,,,,15,,,,25,,25,30,40,20,,191
35,,,12,,15,,,,25,,25,30,40,20,,191
35,,6,12,,15,,,,25,,25,30,40,20,,191
35,4,6,12,,15,,,,25,,25,30,40,20,,191
35,4,6,12,,15,,,,25,0,25,30,40,20,,191
35,4,6,12,8,15,,,,25,0,25,30,40,20,,191
35,4,6,12,8,15,,,,25,0,25,30,40,20,0,191
35,4,6,12,8,15,6,51,0,25,0,25,30,40,20,0,191
36,,,,,20,,,,,,,,,,,210
36,,,,,20,,,,,,,30,,,,210
36,,,,,20,,,,,,,30,,22,,210
36,4,,,,20,,,,,,,30,,22,,210
36,4,,,,20,,,,,10,,30,,22,,210
36,4,,12,,20,,,,,10,,30,,22,,210
36,4,,12,,20,,,,,10,25,30,,22,,210
36,4,,12,,20,18,,,,10,25,30,,22,,210
36,4,4,12,,20,18,,,,10,25,30,,22,,210
36,4,4,12,8,20,18,66,35,,10,25,30,,22,,210
36,4,4,12,8,20,18,66,35,,10,25,30,,22,0,210
36,4,4,12,8,20,18,66,35,,10,25,30,0,22,0,210
36,4,4,12,8,20,18,66,35,22,10,25,30,0,22,0,210
35,,,,,,,,,,,,,,,,240
35,,,,,,,,,,,,,40,,,240
35,,,,,,,,,,,,30,40,,,240
35,,,,,,,,,,,25,30,40,,,240
35,,,,,,18,,,,,25,30,40,,,240
35,,6,,,,18,,,,,25,30,40,,,240
35,,6,,,15,18,,,,,25,30,40,,,240
35,,6,,,15,18,,,,,25,30,40,21,,240
35,2,6,,,15,18,,,,,25,30,40,21,,240
35,2,6,,,15,18,,,,0,25,30,40,21,,240
35,2,6,,,15,18,,,27,0,25,30,40,21,,240
35,2,6,,,15,18,,,27,0,25,30,40,21,50,240
35,2,6,6,,15,18,,,27,0,25,30,40,21,50,240
35,2,6,6,0,15,18,47,0,27,0,25,30,40,21,50,240
37,,,,,,,,,,,,,,,,195
37,,,,,,,,,,,25,,,,,195
37,,,,,,,,,,,25,,,22,,195
37,,,,,,24,,,,,25,,,22,,195
37,1,,,,,24,,,,,25,,,22,,195
37,1,8,,,,24,,,,,25,,,22,,195
37,1,8,,,,24,,,,,25,,40,22,,195
37,1,8,,,,24,,,,,25,,40,22,0,195
37,1,8,3,,,24,,,,,25,,40,22,0,195
37,1,8,3,,,24,,,,0,25,,40,22,0,195
37,1,8,3,,,24,,,,0,25,30,40,22,0,195
37,1,8,3,12,,24,,,,0,25,30,40,22,0,195
37,1,8,3,12,,24,,,25,0,25,30,40,22,0,195
37,1,8,3,12,5,24,53,0,25,0,25,30,40,22,0,195
38,,,,,,,,,,,,,,,,216
38,,,,,,,,,,,25,,,,,216
38,,,,,10,,,,,,25,,,,,216
38,,,,,10,,,,,,25,30,,,,216
38,4,,,,10,,,,,,25,30,,,,216
38,4,,,,10,,,,,,25,30,,22,,216
38,4,,,12,10,,,,,,25,30,,22,,216
38,4,,,12,10,,,,24,,25,30,,22,,216
38,4,,,12,10,12,,,24,,25,30,,22,,216
38,4,2,,12,10,12,,,24,,25,30,,22,,216
38,4,2,6,12,10,12,46,0,24,,25,30,,22,,216
38,4,2,6,12,10,12,46,0,24,,25,30,,22,50,216
38,4,2,6,12,10,12,46,0,24,,25,30,0,22,50,216
38,4,2,6,12,10,12,46,0,24,19,25,30,0,22,50,216
39,,,,,,,,,,,25,,,,,273
39,,,,,,,,,,27,25,,,,,273
39,,,,,,,,,23,27,25,,,,,273
39,,6,,,,,,,23,27,25,,,,,273
39,,6,,,,,,,23,27,25,,,20,,273
39,,6,,,,,,,23,27,25,,40,20,,273
39,,6,,,,18,,,23,27,25,,40,20,,273
39,,6,,16,,18,,,23,27,25,,40,20,,273
39,,6,,16,,18,,,23,27,25,30,40,20,,273
39,,6,,16,20,18,,,23,27,25,30,40,20,,273
39,4,6,,16,20,18,,,23,27,25,30,40,20,,273
39,4,6,9,16,20,18,73,35,23,27,25,30,40,20,,273
39,4,6,9,16,20,18,73,35,23,27,25,30,40,20,0,273
40,,,,,,,,,,,,,,,,295
40,,,,,15,,,,,,,,,,,295
40,,,,,15,,,,,,,,40,,,295
40,,6,,,15,,,,,,,,40,,,295
40,,6,,,15,,,,,,,,40,,50,295
40,,6,,,15,,,,,,,,40,23,50,295
40,,6,12,,15,,,,,,,,40,23,50,295
40,,6,12,12,15,,,,,,,,40,23,50,295
40,,6,12,12,15,,,,,,,30,40,23,50,295
40,,6,12,12,15,,,,,,25,30,40,23,50,295
40,,6,12,12,15,,,,21,,25,30,40,23,50,295
40,2,6,12,12,15,,,,21,,25,30,40,23,50,295
40,2,6,12,12,15,,,,21,0,25,30,40,23,50,295
40,2,6,12,12,15,24,71,35,21,0,25,30,40,23,50,295
41,,,,,,,,,,,,,,,,257
41,1,,,,,,,,,,,,,,,257
41,1,,,,,24,,,,,,,,,,257
41,1,,,,,24,,,,,,,,18,,257
41,1,,,,,24,,,,,25,,,18,,257
41,1,,,16,,24,,,,,25,,,18,,257
41,1,,12,16,,24,,,,,25,,,18,,257
41,1,,12,16,,24,,,,,25,,40,18,,257
41,1,,12,16,,24,,,,22,25,,40,18,,257
41,1,,12,16,,24,,,17,22,25,,40,18,,257
41,1,,12,16,15,24,,,17,22,25,,40,18,,257
41,1,,12,16,15,24,,,17,22,25,30,40,18,,257
41,1,2,12,16,15,24,70,35,17,22,25,30,40,18,,257
41,1,2,12,16,15,24,70,35,17,22,25,30,40,18,0,257
40,1,,,,,,,,,,,,,,,259
40,1,,,,,,,,,,,30,,,,259
40,1,,12,,,,,,,,,30,,,,259
40,1,8,12,,,,,,,,,30,,,,259
40,1,8,12,,,,,,,22,,30,,,,259
40,1,8,12,,,,,,,22,,30,40,,,259
40,1,8,12,,,,,,12,22,,30,40,,,259
40,1,8,12,,,,,,12,22,25,30,40,,,259
40,1,8,12,12,,,,,12,22,25,30,40,,,259
40,1,8,12,12,,,,,12,22,25,30,40,24,,259
40,1,8,12,12,20,,,,12,22,25,30,40,24,,259
40,1,8,12,12,20,18,71,35,12,22,25,30,40,24,,259
40,1,8,12,12,20,18,71,35,12,22,25,30,40,24,0,259
42,,,,,,,,,,,,,,,,302
42,,,,,,,,,,26,,,,,,302
42,,6,,,,,,,,26,,,,,,302
42,,6,,,,,,,14,26,,,,,,302
42,,6,,,15,,,,14,26,,,,,,302
42,,6,,16,15,,,,14,26,,,,,,302
42,,6,,16,15,,,,14,26,,30,,,,302
42,,6,,16,15,,,,14,26,25,30,,,,302
42,,6,,16,15,,,,14,26,25,30,,17,,302
42,,6,,16,15,,,,14,26,25,30,40,17,,302
42,,6,,16,15,,,,14,26,25,30,40,17,50,302
42,,6,12,16,15,,,,14,26,25,30,40,17,50,302
42,4,6,12,16,15,,,,14,26,25,30,40,17,50,302
42,4,6,12,16,15,12,65,35,14,26,25,30,40,17,50,302
43,,,,,,,,,,,,,,,,193
43,,,,,,,,,,27,,,,,,193
43,,,,,15,,,,,27,,,,,,193
43,,,,,15,,,,,27,,,,18,,193
43,,,,,15,,,,,27,,,40,18,,193
43,,,,,15,18,,,,27,,,40,18,,193
43,,,,,15,18,,,,27,,,40,18,0,193
43,,,,,15,18,,,,27,25,,40,18,0,193
43,1,,,,15,18,,,,27,25,,40,18,0,193
43,1,,,,15,18,,,,27,25,30,40,18,0,193
43,1,8,,,15,18,,,,27,25,30,40,18,0,193
43,1,8,,,15,18,,,0,27,25,30,40,18,0,193
43,1,8,,8,15,18,,,0,27,25,30,40,18,0,193
43,1,8,3,8,15,18,53,0,0,27,25,30,40,18,0,193
44,,6,,,,,,,,,,,,,,274
44,,6,,,,,,,,,,,,23,,274
44,,6,,12,,,,,,,,,,23,,274
44,,6,,12,,,,,,,25,,,23,,274
44,,6,,12,20,,,,,,25,,,23,,274
44,,6,6,12,20,,,,,,25,,,23,,274
44,4,6,6,12,20,,,,,,25,,,23,,274
44,4,6,6,12,20,,,,,,25,,,23,0,274
44,4,6,6,12,20,24,72,35,,,25,,,23,0,274
44,4,6,6,12,20,24,72,35,22,,25,,,23,0,274
44,4,6,6,12,20,24,72,35,22,,25,,40,23,0,274
44,4,6,6,12,20,24,72,35,22,27,25,,40,23,0,274
44,4,6,6,12,20,24,72,35,22,27,25,30,40,23,0,274
45,,,,,,,,,,,,,,,,205
45,,,,,,,,,,,,,,,50,205
45,,,,,,,,,,,25,,,,50,205
45,3,,,,,,,,,,25,,,,50,205
45,3,,,,15,,,,,,25,,,,50,205
45,3,,,,15,,,,21,,25,,,,50,205
45,3,,,,15,,,,21,,25,30,,,50,205
45,3,,,,15,,,,21,,25,30,,18,50,205
45,3,,9,,15,,,,21,,25,30,,18,50,205
45,3,,9,,15,18,,,21,,25,30,,18,50,205
45,3,,9,12,15,18,,,21,,25,30,,18,50,205
45,3,,9,12,15,18,,,21,0,25,30,,18,50,205
45,3,4,9,12,15,18,61,0,21,0,25,30,,18,50,205
45,3,4,9,12,15,18,61,0,21,0,25,30,0,18,50,205
46,,,,,,24,,,,,,,,,,287
46,,,,,,24,,,,,,30,,,,287
46,2,,,,,24,,,,,,30,,,,287
46,2,,,,,24,,,,,,30,,,50,287
46,2,,,,,24,,,,,25,30,,,50,287
46,2,,9,,,24,,,,,25,30,,,50,287
46,2,2,9,,,24,,,,,25,30,,,50,287
46,2,2,9,,,24,,,,,25,30,,19,50,287
46,2,2,9,,,24,,,,0,25,30,,19,50,287
46,2,2,9,,,24,,,,0,25,30,40,19,50,287
46,2,2,9,12,,24,,,,0,25,30,40,19,50,287
46,2,2,9,12,15,24,64,35,,0,25,30,40,19,50,287
46,2,2,9,12,15,24,64,35,24,0,25,30,40,19,50,287
47,,,,,,,,,,,25,,,,,164
47,,,,,,,,,,21,25,,,,,164
47,,,,,,,,,,21,25,30,,,,164
47,,,,,,,,,,21,25,30,,14,,164
47,,,,,,,,,,21,25,30,,14,0,164
47,,,,,,,,,29,21,25,30,,14,0,164
47,,,,,,,,,29,21,25,30,0,14,0,164
47,,,,,15,,,,29,21,25,30,0,14,0,164
47,1,,,,15,,,,29,21,25,30,0,14,0,164
47,1,2,,,15,,,,29,21,25,30,0,14,0,164
47,1,2,,12,15,,,,29,21,25,30,0,14,0,164
47,1,2,,12,15,12,,,29,21,25,30,0,14,0,164
47,1,2,3,12,15,12,45,0,29,21,25,30,0,14,0,164
48,,,,,,,,,,,,,40,,,241
48,,,,,,,,,,,,30,40,,,241
48,,,,,,18,,,,,,30,40,,,241
48,,6,,,,18,,,,,,30,40,,,241
48,1,6,,,,18,,,,,,30,40,,,241
48,1,6,,,,18,,,,,,30,40,20,,241
48,1,6,,,,18,,,23,,,30,40,20,,241
48,1,6,,16,,18,,,23,,,30,40,20,,241
48,1,6,,16,,18,,,23,0,,30,40,20,,241
48,1,6,12,16,,18,,,23,0,,30,40,20,,241
48,1,6,12,16,15,18,68,35,23,0,,30,40,20,,241
48,1,6,12,16,15,18,68,35,23,0,,30,40,20,0,241
48,1,6,12,16,15,18,68,35,23,0,25,30,40,20,0,241
47,,,,,,,,,,,,,,,,205
47,,,,,,,,,,14,,,,,,205
47,,,,,,,,,,14,25,,,,,205
47,,,,,,,,,,14,25,30,,,,205
47,,,,,,,,,16,14,25,30,,,,205
47,,,,12,,,,,16,14,25,30,,,,205
47,,,,12,,,,,16,14,25,30,,21,,205
47,,,,12,,,,,16,14,25,30,0,21,,205
47,,,9,12,,,,,16,14,25,30,0,21,,205
47,2,,9,12,,,,,16,14,25,30,0,21,,205
47,2,8,9,12,,,,,16,14,25,30,0,21,,205
47,2,8,9,12,15,,,,16,14,25,30,0,21,,205
47,2,8,9,12,15,,,,16,14,25,30,0,21,0,205
47,2,8,9,12,15,18,64,35,16,14,25,30,0,21,0,205
49,,,,,,,,,,,,,,,,198
49,,,,,,,,,24,,,,,,,198
49,1,,,,,,,,24,,,,,,,198
49,1,,,,,,,,24,,,,40,,,198
49,1,,,,,,,,24,,,30,40,,,198
49,1,,,,,,,,24,,,30,40,19,,198
49,1,,12,,,,,,24,,,30,40,19,,198
49,1,,12,12,,,,,24,,,30,40,19,,198
49,1,4,12,12,,,,,24,,,30,40,19,,198
49,1,4,12,12,20,,,,24,,,30,40,19,,198
49,1,4,12,12,20,,,,24,,,30,40,19,0,198
49,1,4,12,12,20,,,,24,24,,30,40,19,0,198
49,1,4,12,12,20,,,,24,24,0,30,40,19,0,198
49,1,4,12,12,20,12,61,0,24,24,0,30,40,19,0,198
50,,,,,,,,,,,,30,,,,201
50,2,,,,,,,,,,,30,,,,201
50,2,,,12,,,,,,,,30,,,,201
50,2,,,12,,,,,,,,30,,,50,201
50,2,,,12,20,,,,,,,30,,,50,201
50,2,,,12,20,,,,,,,30,,21,50,201
50,2,4,,12,20,,,,,,,30,,21,50,201
50,2,4,,12,20,18,,,,,,30,,21,50,201
50,2,4,,12,20,18,,,,0,,30,,21,50,201
50,2,4,,12,20,18,,,0,0,,30,,21,50,201
50,2,4,9,12,20,18,65,35,0,0,,30,,21,50,201
50,2,4,9,12,20,18,65,35,0,0,,30,0,21,50,201
50,2,4,9,12,20,18,65,35,0,0,0,30,0,21,50,201
51,1,,,,,,,,,,,,,,,183
51,1,,,,,,,,,,25,,,,,183
51,1,,12,,,,,,,,25,,,,,183
51,1,,12,,,,,,,,25,,40,,,183
51,1,,12,8,,,,,,,25,,40,,,183
51,1,,12,8,,,,,27,,25,,40,,,183
51,1,,12,8,,,,,27,,25,,40,21,,183
51,1,8,12,8,,,,,27,,25,,40,21,,183
51,1,8,12,8,,,,,27,17,25,,40,21,,183
51,1,8,12,8,,,,,27,17,25,,40,21,0,183
51,1,8,12,8,,24,,,27,17,25,,40,21,0,183
51,1,8,12,8,0,24,53,0,27,17,25,,40,21,0,183
51,1,8,12,8,0,24,53,0,27,17,25,0,40,21,0,183
52,,,,,,,,,,,,30,,,,187
52,,,,,,,,,,,25,30,,,,187
52,3,,,,,,,,,,25,30,,,,187
52,3,,,,15,,,,,,25,30,,,,187
52,3,6,,,15,,,,,,25,30,,,,187
52,3,6,,,15,,,,,11,25,30,,,,187
52,3,6,,,15,,,,,11,25,30,40,,,187
52,3,6,,16,15,,,,,11,25,30,40,,,187
52,3,6,,16,15,,,,,11,25,30,40,20,,187
52,3,6,9,16,15,,,,,11,25,30,40,20,,187
52,3,6,9,16,15,,,,0,11,25,30,40,20,,187
52,3,6,9,16,15,,,,0,11,25,30,40,20,0,187
52,3,6,9,16,15,12,61,0,0,11,25,30,40,20,0,187
53,,,,,,,,,,,,30,,,,266
53,,4,,,,,,,,,,30,,,,266
53,,4,,16,,,,,,,,30,,,,266
53,,4,,16,,24,,,,,,30,,,,266
53,,4,,16,,24,,,25,,,30,,,,266
53,,4,,16,,24,,,25,,25,30,,,,266
53,,4,,16,,24,,,25,,25,30,40,,,266
53,,4,,16,15,24,,,25,,25,30,40,,,266
53,,4,,16,15,24,,,25,,25,30,40,26,,266
53,1,4,,16,15,24,,,25,,25,30,40,26,,266
53,1,4,9,16,15,24,69,35,25,,25,30,40,26,,266
53,1,4,9,16,15,24,69,35,25,,25,30,40,26,0,266
53,1,4,9,16,15,24,69,35,25,16,25,30,40,26,0,266
54,,,,,,,,,,,,30,,,,347
54,,,,,,,,,,,,30,,18,,347
54,,,,,,,,,,,25,30,,18,,347
54,2,,,,,,,,,,25,30,,18,,347
54,2,,9,,,,,,,,25,30,,18,,347
54,2,,9,,,,,,,,25,30,40,18,,347
54,2,,9,,,,,,,,25,30,40,18,50,347
54,2,2,9,,,,,,,,25,30,40,18,50,347
54,2,2,9,,,,,,,0,25,30,40,18,50,347
54,2,2,9,,25,,,,,0,25,30,40,18,150,347
54,2,2,9,,25,,,,22,0,25,30,40,18,150,347
54,2,2,9,12,25,,,,22,0,25,30,40,18,150,347
54,2,2,9,12,25,12,62,0,22,0,25,30,40,18,150,347
55,,,,,,,,,,,,,,,,262
55,,8,,,,,,,,,,,,,,262
55,,8,,16,,,,,,,,,,,,262
55,,8,,16,,,,,,,,30,,,,262
55,1,8,,16,,,,,,,,30,,,,262
55,1,8,,16,,,,,,,,30,40,,,262
55,1,8,,16,,,,,23,,,30,40,,,262
55,1,8,,16,,,,,23,,,30,40,24,,262
55,1,8,,16,,,,,23,,25,30,40,24,,262
55,1,8,9,16,,,,,23,,25,30,40,24,,262
55,1,8,9,16,,18,,,23,,25,30,40,24,,262
55,1,8,9,16,,18,,,23,,25,30,40,24,0,262
55,1,8,9,16,15,18,67,35,23,,25,30,40,24,0,262
55,1,8,9,16,15,18,67,35,23,18,25,30,40,24,0,262
54,,,,,,,,,,,,30,,,,201
54,,,,,15,,,,,,,30,,,,201
54,,,,,15,,,,,,25,30,,,,201
54,,,9,,15,,,,,,25,30,,,,201
54,,,9,,15,24,,,,,25,30,,,,201
54,1,,9,,15,24,,,,,25,30,,,,201
54,1,,9,,15,24,,,,,25,30,,22,,201
54,1,,9,,15,24,,,,,25,30,,22,0,201
54,1,4,9,,15,24,,,,,25,30,,22,0,201
54,1,4,9,,15,24,,,24,,25,30,,22,0,201
54,1,4,9,12,15,24,65,35,24,,25,30,,22,0,201
54,1,4,9,12,15,24,65,35,24,,25,30,0,22,0,201
54,1,4,9,12,15,24,65,35,24,0,25,30,0,22,0,201
55,,,,16,,,,,,,,,,,,273
55,,,,16,20,,,,,,,,,,,273
55,,,,16,20,,,,,29,,,,,,273
55,,,,16,20,,,,27,29,,,,,,273
55,,,,16,20,18,,,27,29,,,,,,273
55,,,,16,20,18,,,27,29,,,,22,,273
55,,,9,16,20,18,,,27,29,,,,22,,273
55,2,,9,16,20,18,,,27,29,,,,22,,273
55,2,,9,16,20,18,,,27,29,,,40,22,,273
55,2,,9,16,20,18,,,27,29,,30,40,22,,273
55,2,0,9,16,20,18,65,35,27,29,,30,40,22,,273
55,2,0,9,16,20,18,65,35,27,29,25,30,40,22,,273
55,2,0,9,16,20,18,65,35,27,29,25,30,40,22,0,273
